1294.0886
1288.881
1281.08335
1275.87575
1268.0781
1262.8705
1255.07285
1249.86525
1242.0676
1236.86
1231.9274
1224.12975
1218.92215
1213.71455
1205.9169
1200.7093
1195.5017
1187.70405
1182.49645
1177.28885
1172.35625
1164.5586
1159.351
1154.1434
1148.9358
1141.13815
1135.93055
1130.72295
1125.51535
1120.30775
1115.37515
1107.5775
1102.3699
1097.1623
1091.9547
1086.7471
1081.5395
1076.3319
1071.1243
1065.9167
1060.9841
1055.7765
1050.5689
1045.3613
1040.1537
1034.9461
1029.7385
1024.5309
1019.3233
1014.1157
1009.1831
1003.9755
998.7679
993.5603
988.3527
983.1451
977.9375
972.7299
970.11235
964.90475
959.97215
954.76455
949.55695
944.34935
941.7318
936.5242
931.3166
926.109
920.9014
918.28385
913.35125
908.14365
902.93605
900.3185
895.1109
889.9033
887.28575
882.07815
876.87055
871.66295
869.3204
864.1128
858.9052
856.28765
851.08005
848.4625
843.2549
838.0473
835.42975
830.22215
827.8796
822.672
817.4644
814.84685
809.63925
807.0217
801.8141
799.19655
793.98895
791.3714
786.4388
783.82125
778.61365
775.9961
770.7885
768.17095
762.96335
760.3458
755.1382
752.52065
747.58805
744.9705
739.7629
737.14535
734.5278
729.3202
726.70265
721.49505
718.8775
716.25995
711.32735
708.7098
706.09225
700.88465
698.2671
695.64955
690.44195
687.8244
685.20685
679.99925
677.6567
675.03915
669.83155
667.214
664.59645
661.9789
656.7713
654.15375
651.5362
648.91865
643.98605
641.3685
638.75095
636.1334
630.9258
628.30825
625.6907
623.07315
620.4556
617.83805
612.90545
610.2879
607.67035
605.0528
602.43525
599.8177
594.6101
591.99255
589.375
586.75745
584.4149
581.79735
579.1798
576.56225
571.35465
568.7371
566.11955
563.502
560.88445
558.2669
555.92435
553.3068
550.68925
548.0717
545.45415
542.8366
540.21905
537.6015
534.98395
532.3664
530.02385
527.4063
524.78875
522.1712
519.55365
516.9361
514.31855
511.701
509.08345
506.4659
504.12335
501.5058
498.88825
496.2707
493.65315
491.0356
488.41805
485.8005
483.18295
480.5654
478.22285
475.6053
475.5778
472.96025
470.3427
467.72515
465.1076
462.49005
459.8725
457.25495
454.9124
454.8849
452.26735
449.6498
447.03225
444.4147
441.79715
439.1796
439.1521
436.53455
434.192
431.57445
428.9569
428.9294
426.31185
423.6943
421.07675
418.4592
415.84165
415.81415
413.4716
410.85405
408.2365
408.209
405.59145
402.9739
400.35635
400.32885
397.7113
395.09375
392.7512
390.13365
390.10615
387.4886
384.87105
384.84355
382.226
379.60845
376.9909
376.9634
374.62085
372.0033
371.9758
369.35825
366.7407
364.12315
364.09565
361.4781
358.86055
358.83305
356.4905
353.87295
353.84545
351.2279
348.61035
348.58285
345.9653
343.34775
343.32025
340.7027
338.36015
338.33265
335.7151
333.09755
333.07005
330.4525
330.425
327.80745
325.1899
325.1624
322.81985
322.79235
320.1748
317.55725
317.52975
314.9122
314.8847
312.26715
309.6496
309.6221
307.27955
307.25205
304.6345
302.01695
301.98945
299.3719
299.3444
296.72685
296.69935
294.0818
291.73925
291.71175
289.0942
289.0667
286.44915
286.42165
283.8041
283.7766
281.15905
281.13155
278.789
278.7615
276.14395
276.11645
273.4989
270.88135
270.85385
268.2363
268.2088
265.59125
265.83875
263.2212
263.1937
260.57615
260.54865
257.9311
257.9036
255.28605
255.25855
255.23105
252.8885
252.861
250.24345
250.21595
247.5984
247.5709
244.95335
244.92585
242.3083
242.2808
239.93825
239.91075
239.88325
237.2657
237.2382
234.62065
234.59315
231.9756
231.9481
229.33055
229.57805
229.55055
226.933
226.9055
224.28795
224.26045
221.6429
221.6154
221.5879
218.97035
219.21785
216.6003
216.5728
216.5453
213.92775
213.90025
211.2827
211.2552
211.2277
208.61015
208.85765
206.2401
206.2126
206.1851
203.56755
203.54005
200.9225
200.895
200.8675
198.24995
198.49745
198.46995
195.8524
195.8249
195.7974
193.17985
193.15235
190.5348
190.5073
190.4798
188.13725
188.10975
188.08225
185.4647
185.4372
185.4097
182.79215
182.76465
182.73715
180.1196
180.3671
180.3396
177.72205
177.69455
177.66705
175.0495
175.022
174.9945
172.37695
172.34945
172.59695
169.9794
169.9519
169.9244
167.30685
167.27935
167.25185
164.6343
164.6068
164.5793
164.8268
162.20925
162.18175
162.15425
159.5367
159.5092
159.4817
156.86415
156.83665
156.80915
157.05665
154.4391
154.4116
154.3841
151.76655
151.73905
151.71155
151.68405
149.0665
149.039
149.2865
146.66895
146.64145
146.61395
146.58645
143.9689
143.9414
143.9139
143.8864
141.26885
141.51635
141.48885
141.46135
138.8438
138.8163
138.7888
138.7613
136.14375
136.11625
136.08875
136.33625
133.7187
133.6912
133.6637
133.6362
131.01865
130.99115
130.96365
130.93615
128.3186
128.5661
128.5386
128.5111
125.89355
125.86605
125.83855
125.81105
123.1935
123.166
123.1385
123.386
123.3585
120.74095
120.71345
120.68595
120.65845
118.0409
118.0134
117.9859
117.9584
118.2059
115.58835
115.56085
115.53335
115.50585
115.47835
112.8608
112.8333
112.8058
112.7783
113.0258
110.40825
110.38075
110.35325
110.32575
110.29825
107.6807
107.6532
107.6257
107.5982
107.8457
105.22815
105.20065
105.17315
105.14565
105.11815
102.5006
102.4731
102.4456
102.4181
102.6656
100.04805
100.02055
99.99305
99.96555
99.93805
99.91055
97.293
104.40175
104.333
97.4855
97.458
97.4305
94.81295
94.78545
94.75795
94.73045
94.70295
94.67545
92.0579
92.3054
92.2779
92.2504
92.2229
92.1954
89.57785
89.55035
89.52285
89.49535
89.46785
89.71535
87.0978
87.0703
87.0428
87.0153
86.9878
86.9603
84.34275
84.31525
84.28775
84.53525
84.50775
84.48025
84.45275
81.8352
81.8077
81.7802
81.7527
81.7252
81.6977
81.9452
79.32765
79.30015
79.27265
79.24515
79.21765
79.19015
79.16265
76.5451
76.5176
76.7651
76.7376
76.7101
76.6826
76.6551
74.03755
74.01005
73.98255
73.95505
73.92755
74.17505
74.14755
74.12005
71.5025
71.475
71.4475
71.42
71.3925
71.365
71.3375
71.585
68.96745
68.93995
68.91245
68.88495
68.85745
68.82995
68.80245
68.77495
66.1574
66.4049
66.3774
66.3499
66.3224
66.2949
66.2674
66.2399
66.2124
63.59485
63.56735
63.81485
63.78735
63.75985
63.73235
63.70485
63.67735
63.64985
61.0323
61.0048
60.9773
61.2248
61.1973
61.1698
61.1423
61.1148
61.0873
61.0598
58.44225
58.41475
58.38725
58.63475
58.60725
58.57975
58.55225
58.52475
58.49725
58.46975
55.8522
55.8247
55.7972
56.0447
56.0172
55.9897
55.9622
55.9347
55.9072
55.8797
53.26215
53.23465
53.20715
53.45465
53.42715
53.39965
53.37215
53.34465
60.3709
60.30215
60.2334
57.5746
57.50585
50.8646
50.8371
50.8096
50.7821
50.7546
50.7271
50.6996
50.6721
50.6446
50.6171
48.27455
48.24705
48.21955
48.19205
48.16455
48.13705
48.10955
48.08205
48.05455
48.02705
48.27455
48.24705
45.6295
45.602
45.5745
45.547
45.5195
45.492
45.4645
45.437
45.6845
45.657
45.6295
45.602
45.5745
45.547
42.92945
42.90195
42.87445
42.84695
43.09445
43.06695
43.03945
43.01195
42.98445
42.95695
42.92945
42.90195
42.87445
42.84695
40.5044
40.4769
40.4494
40.4219
40.3944
40.3669
40.3394
40.3119
40.2844
40.2569
47.42065
47.3519
47.28315
47.2144
47.14565
44.48685
44.4181
44.34935
44.2806
44.21185
37.91435
37.88685
37.85935
37.83185
37.80435
37.77685
37.74935
37.72185
37.69435
37.66685
37.91435
37.88685
35.2693
35.2418
35.2143
35.1868
35.1593
35.1318
35.1043
35.0768
35.3243
35.2968
35.2693
35.2418
35.2143
35.1868
35.1593
35.1318
35.1043
35.0768
32.73425
32.70675
32.67925
32.65175
32.62425
32.59675
32.56925
32.54175
32.51425
32.48675
32.73425
32.70675
32.67925
32.65175
32.62425
32.59675
32.56925
32.54175
32.51425
32.48675
30.1442
30.1167
30.0892
30.0617
30.0342
30.0067
29.9792
29.9517
29.9242
29.8967
30.1442
30.1167
30.0892
30.0617
30.0342
30.0067
29.9792
29.9517
29.9242
29.8967
30.1442
30.1167
27.49915
27.47165
27.44415
27.41665
27.38915
27.36165
27.33415
27.30665
27.55415
27.52665
27.49915
27.47165
27.44415
27.41665
27.38915
27.36165
27.33415
27.30665
27.55415
27.52665
27.49915
27.47165
27.44415
27.41665
27.38915
24.7716
24.7441
24.7166
24.9641
24.9366
24.9091
24.8816
24.8541
24.8266
24.7991
24.7716
24.7441
24.7166
24.9641
24.9366
24.9091
24.8816
24.8541
24.8266
24.7991
24.7716
24.7441
24.7166
24.9641
24.9366
24.9091
24.8816
24.8541
24.8266
22.20905
22.18155
22.15405
22.12655
22.37405
22.34655
22.31905
22.29155
22.26405
22.23655
22.20905
22.18155
22.15405
22.12655
22.37405
22.34655
22.31905
22.29155
29.2903
29.22155
29.1528
29.08405
29.0153
28.94655
22.37405
22.34655
22.31905
22.29155
22.26405
22.23655
22.20905
22.18155
22.15405
19.5365
19.784
19.7565
19.729
19.7015
19.674
19.6465
19.619
19.5915
19.564
19.5365
19.784
19.7565
19.729
19.7015
19.674
19.6465
19.619
19.5915
19.564
19.5365
19.784
19.7565
19.729
19.7015
19.674
19.6465
19.619
19.5915
19.564
19.5365
19.784
19.7565
19.729
19.7015
19.674
19.6465
19.619
19.5915
19.564
16.94645
17.19395
17.16645
17.13895
17.11145
17.08395
17.05645
17.02895
17.00145
16.97395
16.94645
17.19395
17.16645
17.13895
17.11145
17.08395
17.05645
17.02895
17.00145
16.97395
16.94645
17.19395
17.16645
17.13895
17.11145
17.08395
17.05645
17.02895
17.00145
16.97395
16.94645
17.19395
17.16645
17.13895
17.11145
17.08395
17.05645
17.02895
17.00145
16.97395
16.94645
17.19395
17.16645
17.13895
17.11145
17.08395
17.05645
17.02895
17.00145
16.97395
14.3564
14.6039
14.5764
14.5489
14.5214
14.4939
14.4664
14.4389
14.4114
14.3839
14.3564
14.6039
14.5764
14.5489
14.5214
14.4939
14.4664
14.4389
14.4114
14.3839
14.3564
14.6039
14.5764
14.5489
14.5214
14.4939
14.4664
14.4389
14.4114
14.3839
14.3564
14.6039
14.5764
14.5489
14.5214
14.4939
14.4664
14.4389
14.4114
14.3839
14.3564
14.6039
14.5764
14.5489
14.5214
14.4939
14.4664
14.4389
14.4114
14.3839
14.3564
14.6039
14.5764
14.5489
14.5214
14.4939
14.4664
14.4389
14.4114
14.3839
14.3564
14.6039
14.5764
14.5489
14.5214
14.4939
14.4664
11.84885
11.82135
11.79385
11.76635
12.01385
11.98635
11.95885
11.93135
11.90385
11.87635
11.84885
11.82135
11.79385
11.76635
11.98635
11.95885
11.93135
11.90385
12.01385
11.87635
11.84885
11.82135
11.79385
11.76635
11.98635
12.01385
11.95885
11.93135
11.90385
11.87635
11.84885
11.82135
11.79385
11.76635
12.01385
11.98635
11.95885
11.93135
11.90385
11.87635
11.84885
11.82135
11.79385
11.76635
12.01385
11.98635
11.95885
11.93135
11.90385
11.87635
11.84885
11.82135
11.79385
11.76635
12.01385
11.98635
11.95885
11.93135
11.90385
11.87635
11.84885
11.82135
11.79385
11.76635
12.01385
11.98635
11.95885
11.93135
11.90385
11.87635
11.84885
11.82135
11.79385
11.76635
12.01385
11.98635
11.95885
11.93135
11.90385
11.87635
11.84885
11.82135
11.79385
11.76635
12.01385
11.98635
11.95885
11.93135
11.90385
11.87635
11.84885
11.82135
11.79385
11.76635
12.01385
11.98635
11.95885
11.93135
11.90385
11.87635
11.84885
11.82135
9.2038
